//year month day hour minute  second csecond, lat, lng, altitude, KMPH, deg,angle,G,satls,millis()
//年月日时分秒毫秒,经度,纬度,高度,速度,gps角度,mpu倾角,mpu加速度,卫星数,mcu毫秒
/*
#V 文件格式版本
#D 文件开始时间
#U 用户ID
#N 用户名称
#M 载具
#H 硬件版本
#B 固件版本
#T 赛道名称
<tracksector> 赛道分段信息,第一个点是终点线FinishLine,分段直线开始点和结束点的经纬度.
*/
#V=1.0.0=                         
#D=06-12-2022 17:12:41=
#U=X2681756=
#N=可乐=
#M=Ninja250=
#H=XLap=
#B=xlap_wifi=
#T=LI WAN         =
<tracksector>
31.934493,118.986260,31.934659,118.986156
31.935279,118.986374,31.935097,118.986298
31.934911,118.985879,31.934865,118.986073
31.934722,118.985327,31.934918,118.985345
31.935798,118.986160,31.935994,118.986176
31.935468,118.986605,31.935468,118.986803
31.934884,118.987121,31.934764,118.987279
31.934679,118.986682,31.934449,118.986870
</tracksector>
<point>
20220612091229040,125
20220612091229060,318
20220612091229080,525
20220612091230000,734
20220612091230020,931
20220612091230040,132
20220612091230060,325
20220612091230080,516
20220612091231000,729
20220612091231020,935
20220612091231040,128
20220612091231060,328
20220612091231080,528
20220612091232000,731
20220612091232020,934
20220612091232040,137
20220612091232060,335
20220612091232080,534
20220612091233000,733
20220612091233020,929
20220612091233040,120
20220612091233060,336
20220612091233080,534
20220612091234000,738
20220612091234020,948
20220612091234040,140
20220612091234060,335
20220612091234080,529
20220612091235000,726
20220612091235020,923
20220612091235040,123
20220612091235060,317
20220612091235080,517
20220612091236000,729
20220612091236020,928
20220612091236040,124
20220612091236060,322
20220612091236080,524
20220612091237000,3
20220612091237020,4
20220612091237040,
20220612091237060,
20220612091237080,
20220612091238000,
20220612091238020,
20220612091238040,
20220612091238060,
20220612091238080,
20220612091239000,
20220612091239020,
20220612091239040,
20220612091239060,
20220612091239080,
20220612091240000,
20220612091240020,
20220612091240040,
20220612091240060,
20220612091240080,
20220612091241000,
20220612091241020,
20220612091241040,
20220612091241060,
20220612091241080,
20220612091242000,
20220612091242020,
20220612091242040,
20220612091242060,
20220612091242080,
20220612091243000,
20220612091243020,
20220612091243040,
20220612091243060,
20220612091243080,
20220612091244000,
20220612091244020,
20220612091244040,
20220612091244060,
20220612091244080,
20220612091245000,
20220612091245020,
20220612091245040,
20220612091245060,
20220612091245080,
20220612091246000,
20220612091246020,
20220612091246040,
20220612091246060,
20220612091246080,
20220612091247000,
20220612091247020,20220612091247040,20220612091247060,4
20220612091247080,2
20220612091248000,8
20220612091248020,0
20220612091248040,1
20220612091248060,3
20220612091248080,2
20220612091249000,7
20220612091249020,7
20220612091249040,8
20220612091249060,4
20220612091249080,4
20220612091250000,2
20220612091250020,1
20220612091250040,8
20220612091250060,2
20220612091250080,2
20220612091251000,6
20220612091251020,7
20220612091251040,2
20220612091251060,4
20220612091251080,5
20220612091252000,4
20220612091252020,8
20220612091252040,6
20220612091252060,7
20220612091252080,4
20220612091253000,7
20220612091253020,4
20220612091253040,4
20220612091253060,2
20220612091253080,2
20220612091254000,4
20220612091254020,8
20220612091254040,7
20220612091254060,5
20220612091254080,0
20220612091255000,3
20220612091255020,7
20220612091255040,2
20220612091255060,7
20220612091255080,8
20220612091256000,7
20220612091256020,4
20220612091256040,9
20220612091256060,6
20220612091256080,8
20220612091257000,4
20220612091257020,6
20220612091257040,5
20220612091257060,3
20220612091257080,8
20220612091258000,1
20220612091258020,8
20220612091258040,0
20220612091258060,6
20220612091258080,6
20220612091259000,9
20220612091259020,8
20220612091259040,8
20220612091259060,4
20220612091259080,0
20220612091300000,2
20220612091300020,1
20220612091300040,2
20220612091300060,9
20220612091300080,4
20220612091301000,4
20220612091301020,4
20220612091301040,4
20220612091301060,3
20220612091301080,0
20220612091302000,6
20220612091302020,4
20220612091302040,3
20220612091302060,2
20220612091302080,4
20220612091303000,2
20220612091303020,7
20220612091303040,2
20220612091303060,2
20220612091303080,3
20220612091304000,2
20220612091304020,7
20220612091304040,8
20220612091304060,2
20220612091304080,4
20220612091305000,7
20220612091305020,1
20220612091305040,3
20220612091305060,7
20220612091305080,9
20220612091306000,3
20220612091306020,8
20220612091306040,2
20220612091306060,20220612091306080,20220612091307000,
20220612091307020,
20220612091307040,
20220612091307060,
20220612091307080,
20220612091308000,
20220612091308020,
20220612091308040,
20220612091308060,
20220612091308080,
20220612091309000,
20220612091309020,5
20220612091309040,7
20220612091309060,4
20220612091309080,5
20220612091310000,6
20220612091310020,6
20220612091310040,7
20220612091310060,7
20220612091310080,2
20220612091311000,
20220612091311020,
20220612091311040,
20220612091311060,
20220612091311080,
20220612091312000,
20220612091312020,
20220612091312040,
20220612091312060,
20220612091312080,
20220612091313000,
20220612091313020,
20220612091313040,
20220612091313060,
20220612091313080,20220612091314000,20220612091314020,7
20220612091314040,0
20220612091314060,9
20220612091314080,9
20220612091315000,7
20220612091315020,4
20220612091315040,3
20220612091315060,7
20220612091315080,6
20220612091316000,20220612091316020,20220612091316040,20220612091316060,
20220612091316080,
20220612091317000,
20220612091317020,
20220612091317040,
20220612091317060,
20220612091317080,
20220612091318000,
20220612091318020,
20220612091318040,
20220612091318060,
20220612091318080,
20220612091319000,
20220612091319020,
20220612091319040,
20220612091319060,
20220612091319080,
20220612091320000,
20220612091320020,
20220612091320040,
20220612091320060,
20220612091320080,
20220612091321000,
20220612091321020,
20220612091321040,8
20220612091321060,3
20220612091321080,5
20220612091322000,7
20220612091322020,1
20220612091322040,3
20220612091322060,0
20220612091322080,8
20220612091323000,9
20220612091323020,1
20220612091323040,8
20220612091323060,0
20220612091323080,8
20220612091324000,9
20220612091324020,1
20220612091324040,2
20220612091324060,1
20220612091324080,9
20220612091325000,2
20220612091325020,8
20220612091325040,0
20220612091325060,1
20220612091325080,1
20220612091326000,3
20220612091326020,7
20220612091326040,1
20220612091326060,0
20220612091326080,8
20220612091327000,1
20220612091327020,1
20220612091327040,1
20220612091327060,7
20220612091327080,1
20220612091328000,6
20220612091328020,5
20220612091328040,1
20220612091328060,
20220612091328080,
20220612091329000,
20220612091329020,
20220612091329040,
20220612091329060,
20220612091329080,
20220612091330000,
20220612091330020,2
20220612091330040,1
20220612091330060,9
20220612091330080,1
20220612091331000,3
20220612091331020,3
20220612091331040,3
20220612091331060,1
20220612091331080,6
20220612091332000,0
20220612091332020,7
20220612091332040,7
20220612091332060,8
20220612091332080,7
20220612091333000,7
20220612091333020,7
20220612091333040,6
20220612091333060,1
20220612091333080,5
20220612091334000,7
20220612091334020,9
20220612091334040,9
20220612091334060,1
20220612091334080,7
20220612091335000,1
20220612091335020,1
20220612091335040,2
20220612091335060,1
20220612091335080,1
20220612091336000,7
20220612091336020,7
20220612091336040,5
20220612091336060,4
20220612091336080,2
20220612091337000,9
20220612091337020,6
20220612091337040,0
20220612091337060,1
20220612091337080,1
20220612091338000,2
20220612091338020,3
20220612091338040,8
20220612091338060,7
20220612091338080,1
20220612091339000,3
20220612091339020,8
20220612091339040,2
20220612091339060,2
20220612091339080,3
20220612091340000,8
20220612091340020,4
20220612091340040,1
20220612091340060,6
20220612091340080,6
20220612091341000,7
20220612091341020,6
20220612091341040,9
20220612091341060,6
20220612091341080,9
20220612091342000,8
20220612091342020,9
20220612091342040,3
20220612091342060,1
20220612091342080,7
20220612091343000,3
20220612091343020,7
20220612091343040,6
20220612091343060,9
20220612091343080,20220612091344000,20220612091344020,
20220612091344040,
20220612091344060,
20220612091344080,
20220612091345000,
20220612091345020,
20220612091345040,
20220612091345060,
20220612091345080,
20220612091346000,
20220612091346020,
20220612091346040,
20220612091346060,
20220612091346080,
20220612091347000,
20220612091347020,
20220612091347040,
20220612091347060,
20220612091347080,
20220612091348000,
20220612091348020,
20220612091348040,
20220612091348060,
20220612091348080,
20220612091349000,
20220612091349020,
20220612091349040,
20220612091349060,
20220612091349080,
20220612091350000,
20220612091350020,
20220612091350040,
20220612091350060,
20220612091350080,
20220612091351000,
20220612091351020,
20220612091351040,
20220612091351060,
20220612091351080,
20220612091352000,20220612091352020,6
20220612091352040,6
20220612091352060,3
20220612091352080,5
20220612091353000,3
20220612091353020,6
20220612091353040,6
20220612091353060,1
20220612091353080,2
20220612091354000,1
20220612091354020,2
20220612091354040,2
20220612091354060,0
20220612091354080,6
20220612091355000,4
20220612091355020,4
20220612091355040,2
20220612091355060,0
20220612091355080,5
20220612091356000,5
20220612091356020,0
20220612091356040,1
20220612091356060,3
20220612091356080,2
20220612091357000,4
20220612091357020,2
20220612091357040,1
20220612091357060,2
20220612091357080,1
20220612091358000,0
20220612091358020,6
20220612091358040,2
20220612091358060,2
20220612091358080,8
20220612091359000,9
20220612091359020,0
20220612091359040,9
20220612091359060,0
20220612091359080,0
20220612091400000,7
20220612091400020,0
20220612091400040,8
20220612091400060,6
20220612091400080,6
20220612091401000,2
20220612091401020,6
20220612091401040,5
20220612091401060,2
20220612091401080,9
20220612091402000,0
20220612091402020,1
20220612091402040,7
20220612091402060,6
20220612091402080,7
20220612091403000,6
20220612091403020,6
20220612091403040,6
20220612091403060,6
20220612091403080,6
20220612091404000,7
20220612091404020,6
20220612091404040,9
20220612091404060,8
20220612091404080,6
20220612091405000,6
20220612091405020,4
20220612091405040,3
20220612091405060,7
20220612091405080,7
20220612091406000,7
20220612091406020,9
20220612091406040,6
20220612091406060,2
20220612091406080,1
20220612091407000,5
20220612091407020,5
20220612091407040,6
20220612091407060,7
20220612091407080,6
20220612091408000,2
20220612091408020,6
20220612091408040,6
20220612091408060,5
20220612091408080,6
20220612091409000,6
20220612091409020,6
20220612091409040,20220612091409060,
20220612091409080,
20220612091410000,
20220612091410020,
20220612091410040,
20220612091410060,
20220612091410080,
20220612091411000,
20220612091411020,
20220612091411040,
20220612091411060,
20220612091411080,
20220612091412000,1
20220612091412020,4
20220612091412040,1
20220612091412060,0
20220612091412080,5
20220612091413000,1
20220612091413020,2
20220612091413040,4
20220612091413060,
20220612091413080,
20220612091414000,
20220612091414020,
20220612091414040,
20220612091414060,
20220612091414080,
20220612091415000,
20220612091415020,
20220612091415040,
20220612091415060,
20220612091415080,
20220612091416000,
20220612091416020,
20220612091416040,20220612091416060,5
20220612091416080,3
20220612091417000,8
20220612091417020,5
20220612091417040,5
20220612091417060,5
20220612091417080,6
20220612091418000,7
20220612091418020,5
20220612091418040,20220612091418060,20220612091418080,20220612091419000,
20220612091419020,
20220612091419040,
20220612091419060,
20220612091419080,
20220612091420000,
20220612091420020,
20220612091420040,
20220612091420060,
20220612091420080,
20220612091421000,
20220612091421020,
20220612091421040,
20220612091421060,
20220612091421080,
20220612091422000,
20220612091422020,
20220612091422040,
20220612091422060,
20220612091422080,
20220612091423000,
20220612091423020,8
20220612091423040,3
20220612091423060,8
20220612091423080,8
20220612091424000,1
20220612091424020,4
20220612091424040,1
20220612091424060,2
20220612091424080,0
20220612091425000,2
20220612091425020,0
20220612091425040,0
20220612091425060,3
20220612091425080,0
20220612091426000,5
20220612091426020,9
20220612091426040,6
20220612091426060,5
20220612091426080,2
20220612091427000,3
20220612091427020,2
20220612091427040,3
20220612091427060,7
20220612091427080,3
20220612091428000,5
20220612091428020,2
20220612091428040,2
20220612091428060,7
20220612091428080,4
20220612091429000,7
20220612091429020,4
20220612091429040,1
20220612091429060,6
20220612091429080,4
20220612091430000,0
20220612091430020,
20220612091430040,
20220612091430060,
20220612091430080,
20220612091431000,
20220612091431020,
20220612091431040,
20220612091431060,
20220612091431080,
20220612091432000,8
20220612091432020,5
20220612091432040,5
20220612091432060,4
20220612091432080,5
20220612091433000,1
20220612091433020,2
20220612091433040,5
20220612091433060,4
20220612091433080,2
20220612091434000,5
20220612091434020,4
20220612091434040,5
20220612091434060,5
20220612091434080,7
20220612091435000,5
20220612091435020,5
20220612091435040,8
20220612091435060,5
20220612091435080,7
20220612091436000,2
20220612091436020,2
20220612091436040,6
20220612091436060,7
20220612091436080,7
20220612091437000,6
20220612091437020,5
20220612091437040,5
20220612091437060,7
20220612091437080,1
20220612091438000,8
20220612091438020,7
20220612091438040,9
20220612091438060,4
20220612091438080,4
20220612091439000,1
20220612091439020,1
20220612091439040,5
20220612091439060,1
20220612091439080,5
20220612091440000,7
20220612091440020,1
20220612091440040,5
20220612091440060,5
20220612091440080,7
20220612091441000,9
20220612091441020,8
20220612091441040,4
20220612091441060,7
20220612091441080,4
20220612091442000,0
20220612091442020,5
20220612091442040,9
20220612091442060,9
20220612091442080,1
20220612091443000,2
20220612091443020,3
20220612091443040,2
20220612091443060,4
20220612091443080,2
20220612091444000,6
20220612091444020,4
20220612091444040,6
20220612091444060,6
20220612091444080,9
20220612091445000,0
20220612091445020,8
20220612091445040,1
20220612091445060,20220612091445080,
20220612091446000,
20220612091446020,
20220612091446040,
20220612091446060,
20220612091446080,
20220612091447000,
20220612091447020,
20220612091447040,
20220612091447060,
20220612091447080,
20220612091448000,
20220612091448020,
20220612091448040,
20220612091448060,
20220612091448080,
20220612091449000,
20220612091449020,
20220612091449040,
20220612091449060,
20220612091449080,
20220612091450000,
20220612091450020,
20220612091450040,
20220612091450060,
20220612091450080,
20220612091451000,
20220612091451020,
20220612091451040,
20220612091451060,
20220612091451080,
20220612091452000,
20220612091452020,
20220612091452040,
20220612091452060,
20220612091452080,
20220612091453000,
20220612091453020,
20220612091453040,
20220612091453060,20220612091453080,5
20220612091454000,5
20220612091454020,5
20220612091454040,6
20220612091454060,0
20220612091454080,7
20220612091455000,8
20220612091455020,1
20220612091455040,0
20220612091455060,9
20220612091455080,9
20220612091456000,7
20220612091456020,4
20220612091456040,5
20220612091456060,5
20220612091456080,4
20220612091457000,8
20220612091457020,0
20220612091457040,5
20220612091457060,3
20220612091457080,4
20220612091458000,1
20220612091458020,8
20220612091458040,4
20220612091458060,1
20220612091458080,9
20220612091459000,6
20220612091459020,0
20220612091459040,9
20220612091459060,0
20220612091459080,4
20220612091500000,4
20220612091500020,4
20220612091500040,7
20220612091500060,5
20220612091500080,5
20220612091501000,1
20220612091501020,0
20220612091501040,6
20220612091501060,5
20220612091501080,4
20220612091502000,5
20220612091502020,3
20220612091502040,9
20220612091502060,9
20220612091502080,4
20220612091503000,7
20220612091503020,8
20220612091503040,2
20220612091503060,3
20220612091503080,1
20220612091504000,9
20220612091504020,7
20220612091504040,4
20220612091504060,4
20220612091504080,2
20220612091505000,3
20220612091505020,0
20220612091505040,1
20220612091505060,1
20220612091505080,4
20220612091506000,7
20220612091506040,4
20220612091506080,5
20220612091507020,4
20220612091507060,4
20220612091507080,9
20220612091508000,1
20220612091508020,1
20220612091508040,5
20220612091508060,4
20220612091508080,8
20220612091509000,1
20220612091509020,7
20220612091509040,2
20220612091509060,9
20220612091509080,6
20220612091510000,0
20220612091510020,7
20220612091510040,4
20220612091510060,3
20220612091510080,4
20220612091511000,1
20220612091511020,4
20220612091511040,0
20220612091511060,2
20220612091511080,1
20220612091512000,20220612091512020,
20220612091512040,
20220612091512060,
20220612091512080,
20220612091513000,
20220612091513020,
20220612091513040,
20220612091513060,
20220612091513080,
20220612091514000,
20220612091514020,
20220612091514040,0
20220612091514060,7
20220612091514080,3
20220612091515000,9
20220612091515020,7
20220612091515040,0
20220612091515060,4
20220612091515080,7
20220612091516000,
20220612091516020,
20220612091516040,
20220612091516060,
20220612091516080,
20220612091517000,
20220612091517020,
20220612091517040,
20220612091517060,
20220612091517080,
20220612091518000,
20220612091518020,
20220612091518040,
20220612091518060,
20220612091518080,20220612091519000,20220612091519020,9
20220612091519040,3
20220612091519060,3
20220612091519080,0
20220612091520000,2
20220612091520020,2
20220612091520040,4
20220612091520060,4
20220612091520080,0
20220612091521000,20220612091521020,20220612091521040,20220612091521060,20220612091521080,20220612091522000,20220612091522020,
20220612091522040,
20220612091522060,
20220612091522080,
20220612091523000,
20220612091523020,
20220612091523040,
20220612091523060,
20220612091523080,
20220612091524000,
20220612091524020,
20220612091524040,
20220612091524060,
20220612091524080,
20220612091525000,
20220612091525020,
20220612091525040,
20220612091525060,
20220612091525080,
20220612091526000,
20220612091526020,
20220612091526040,
20220612091526060,
20220612091526080,3
20220612091527000,3
20220612091527020,0
20220612091527040,7
20220612091527060,5
20220612091527080,6
20220612091528000,9
20220612091528020,4
20220612091528040,4
20220612091528060,0
20220612091528080,7
20220612091529000,4
20220612091529020,6
20220612091529040,0
20220612091529060,7
20220612091529080,3
20220612091530000,3
20220612091530020,5
20220612091530040,4
20220612091530060,5
20220612091530080,4
20220612091531000,6
20220612091531020,5
20220612091531040,4
20220612091531060,4
20220612091531080,4
20220612091532000,4
20220612091532020,4
20220612091532040,5
20220612091532060,8
20220612091532080,5
20220612091533000,4
20220612091533020,3
20220612091533040,0
20220612091533060,3
20220612091533080,6
20220612091534000,0
20220612091534020,
20220612091534040,
20220612091534060,
20220612091534080,
20220612091535000,
20220612091535020,
20220612091535040,
20220612091535060,
20220612091535080,5
20220612091536000,3
20220612091536020,4
20220612091536040,0
20220612091536060,9
20220612091536080,1
20220612091537000,4
20220612091537020,3
20220612091537040,3
20220612091537060,5
20220612091537080,8
20220612091538000,6
20220612091538020,3
20220612091538040,3
20220612091538060,8
20220612091538080,8
20220612091539000,7
20220612091539020,8
20220612091539040,3
20220612091539060,9
20220612091539080,6
20220612091540000,3
20220612091540020,3
20220612091540040,8
20220612091540060,3
20220612091540080,3
20220612091541000,8
20220612091541020,9
20220612091541040,6
20220612091541060,6
20220612091541080,4
20220612091542000,0
20220612091542020,7
20220612091542040,8
20220612091542060,3
20220612091542080,3
20220612091543000,4
20220612091543020,0
20220612091543040,5
20220612091543060,3
20220612091543080,6
20220612091544000,8
20220612091544020,8
20220612091544040,5
20220612091544060,3
20220612091544080,3
20220612091545000,3
20220612091545020,0
20220612091545040,8
20220612091545060,3
20220612091545080,5
20220612091546000,5
20220612091546020,7
20220612091546040,6
20220612091546060,7
20220612091546080,3
20220612091547000,2
20220612091547020,6
20220612091547040,3
20220612091547060,4
20220612091547080,3
20220612091548000,6
20220612091548020,3
20220612091548040,2
20220612091548060,8
20220612091548080,8
20220612091549000,9
20220612091549020,1
20220612091549040,20220612091549060,20220612091549080,
20220612091550000,
20220612091550020,
20220612091550040,
20220612091550060,
20220612091550080,
20220612091551000,
20220612091551020,
20220612091551040,
20220612091551060,
20220612091551080,
20220612091552000,
20220612091552020,
20220612091552040,
20220612091552060,
20220612091552080,
20220612091553000,
20220612091553020,
20220612091553040,
20220612091553060,
20220612091553080,
20220612091554000,
20220612091554020,
20220612091554040,
20220612091554060,
20220612091554080,
20220612091555000,
20220612091555020,
20220612091555040,
20220612091555060,
20220612091555080,
20220612091556000,
20220612091556020,
20220612091556040,
20220612091556060,
20220612091556080,
20220612091557000,
20220612091557020,
20220612091557040,20220612091557060,3
20220612091557080,1
20220612091558000,4
20220612091558020,1
20220612091558040,9
20220612091558060,3
20220612091558080,5
20220612091559000,3
20220612091559020,9
20220612091559040,4
20220612091559060,3
20220612091559080,4
20220612091600000,2
20220612091600020,3
20220612091600040,3
20220612091600060,3
20220612091600080,5
20220612091601000,6
20220612091601020,2
20220612091601040,4
20220612091601060,3
20220612091601080,3
20220612091602000,4
20220612091602020,3
20220612091602040,2
20220612091602060,9
20220612091602080,2
20220612091603000,7
20220612091603020,6
20220612091603040,2
20220612091603060,3
20220612091603080,9
20220612091604000,9
20220612091604020,2
20220612091604040,2
20220612091604060,2
20220612091604080,2
20220612091605000,3
20220612091605020,2
20220612091605040,7
20220612091605060,3
20220612091605080,2
20220612091606000,6
20220612091606020,2
20220612091606040,8
20220612091606060,3
20220612091606080,6
20220612091607000,2
20220612091607020,5
20220612091607040,0
20220612091607060,6
20220612091607080,3
20220612091608000,7
20220612091608020,2
20220612091608040,3
20220612091608060,2
20220612091608080,2
20220612091609000,2
20220612091609020,3
20220612091609040,6
20220612091609060,3
20220612091609080,7
20220612091610000,7
20220612091610020,6
20220612091610040,3
20220612091610060,1
20220612091610080,5
20220612091611000,4
20220612091611020,5
20220612091611040,8
20220612091611060,2
20220612091611080,9
20220612091612000,3
20220612091612020,6
20220612091612040,4
20220612091612060,2
20220612091612080,5
20220612091613000,4
20220612091613020,5
20220612091613040,2
20220612091613060,7
20220612091613080,2
20220612091614000,6
20220612091614020,3
20220612091614040,8
20220612091614060,2
20220612091614080,5
20220612091615000,20220612091615020,
20220612091615040,
20220612091615060,
20220612091615080,
20220612091616000,
20220612091616020,
20220612091616040,
20220612091616060,
20220612091616080,
20220612091617000,
20220612091617020,
20220612091617040,
20220612091617060,3
20220612091617080,3
20220612091618000,2
20220612091618020,3
20220612091618040,9
20220612091618060,0
20220612091618080,7
20220612091619000,
20220612091619020,
20220612091619040,
20220612091619060,
20220612091619080,
20220612091620000,
20220612091620020,
20220612091620040,
20220612091620060,
20220612091620080,
20220612091621000,
20220612091621020,
20220612091621040,
20220612091621060,
20220612091621080,20220612091622000,20220612091622020,5
20220612091622040,3
20220612091622060,3
20220612091622080,3
20220612091623000,3
20220612091623020,2
20220612091623040,3
20220612091623060,0
20220612091623080,9
20220612091624000,20220612091624020,20220612091624040,20220612091624060,
20220612091624080,
20220612091625000,
20220612091625020,
20220612091625040,
20220612091625060,
20220612091625080,
20220612091626000,
20220612091626020,
20220612091626040,
20220612091626060,
20220612091626080,
20220612091627000,
20220612091627020,
20220612091627040,
20220612091627060,
20220612091627080,
20220612091628000,
20220612091628020,
20220612091628040,
20220612091628060,
20220612091628080,2
20220612091629000,2
20220612091629020,2
20220612091629040,7
20220612091629060,9
20220612091629080,1
20220612091630000,3
20220612091630020,1
20220612091630040,2
20220612091630060,3
20220612091630080,4
20220612091631000,2
20220612091631020,0
20220612091631040,5
20220612091631060,2
20220612091631080,2
20220612091632000,4
20220612091632020,1
20220612091632040,1
20220612091632060,0
20220612091632080,1
20220612091633000,2
20220612091633020,2
20220612091633040,8
20220612091633060,1
20220612091633080,4
20220612091634000,0
20220612091634020,5
20220612091634040,4
20220612091634060,3
20220612091634080,3
20220612091635000,1
20220612091635020,2
20220612091635040,1
20220612091635060,0
20220612091635080,
20220612091636000,
20220612091636020,
20220612091636040,
20220612091636060,
20220612091636080,
20220612091637000,
20220612091637020,5
20220612091637040,4
20220612091637060,4
20220612091637080,2
20220612091638000,5
20220612091638020,6
20220612091638040,0
20220612091638060,8
20220612091638080,9
20220612091639000,0
20220612091639020,2
20220612091639040,1
20220612091639060,1
20220612091639080,5
20220612091640000,2
20220612091640020,1
20220612091640040,0
20220612091640060,4
20220612091640080,7
20220612091641000,7
20220612091641020,6
20220612091641040,1
20220612091641060,9
20220612091641080,2
20220612091642000,2
20220612091642020,7
20220612091642040,1
20220612091642060,0
20220612091642080,2
20220612091643000,1
20220612091643020,0
20220612091643040,7
20220612091643060,9
20220612091643080,8
20220612091644000,4
20220612091644020,9
20220612091644040,7
20220612091644060,1
20220612091644080,3
20220612091645000,4
20220612091645020,2
20220612091645040,0
20220612091645060,5
20220612091645080,2
20220612091646000,1
20220612091646020,8
20220612091646040,2
20220612091646060,3
20220612091646080,2
20220612091647000,2
20220612091647020,6
20220612091647040,9
20220612091647060,2
20220612091647080,7
20220612091648000,2
20220612091648020,7
20220612091648040,8
20220612091648060,2
20220612091648080,6
20220612091649000,2
20220612091649020,1
20220612091649040,8
20220612091649060,4
20220612091649080,7
20220612091650000,9
20220612091650020,2
20220612091650040,7
20220612091650060,9
20220612091650080,20220612091651000,20220612091651020,
20220612091651040,
20220612091651060,
20220612091651080,
20220612091652000,
20220612091652020,
20220612091652040,
20220612091652060,
20220612091652080,
20220612091653000,
20220612091653020,
20220612091653040,
20220612091653060,
20220612091653080,
20220612091654000,
20220612091654020,
20220612091654040,
20220612091654060,
20220612091654080,
20220612091655000,
20220612091655020,
20220612091655040,
20220612091655060,
20220612091655080,
20220612091656000,
20220612091656020,
20220612091656040,
20220612091656060,
20220612091656080,
20220612091657000,
20220612091657020,
20220612091657040,
20220612091657060,
20220612091657080,
20220612091658000,
20220612091658020,
20220612091658040,
20220612091658060,
20220612091658080,
20220612091659000,20220612091659020,6
20220612091659040,3
20220612091659060,2
20220612091659080,2
20220612091700000,1
20220612091700020,4
20220612091700040,3
20220612091700060,3
20220612091700080,2
20220612091701000,1
20220612091701020,1
20220612091701040,3
20220612091701060,4
20220612091701080,4
20220612091702000,5
20220612091702020,4
20220612091702040,1
20220612091702060,1
20220612091702080,2
20220612091703000,2
20220612091703020,6
20220612091703040,3
20220612091703060,4
20220612091703080,3
20220612091704000,1
20220612091704020,4
20220612091704040,1
20220612091704060,4
20220612091704080,4
20220612091705000,9
20220612091705020,9
20220612091705040,8
20220612091705060,3
20220612091705080,2
20220612091706000,4
20220612091706020,5
20220612091706040,3
20220612091706060,4
20220612091706080,5
20220612091707000,8
20220612091707020,9
20220612091707040,1
20220612091707060,1
20220612091707080,2
20220612091708000,5
20220612091708020,4
20220612091708040,7
20220612091708060,3
20220612091708080,7
20220612091709000,3
20220612091709020,4
20220612091709040,1
20220612091709060,0
20220612091709080,3
20220612091710000,5
20220612091710020,3
20220612091710040,1
20220612091710060,1
20220612091710080,1
20220612091711000,7
20220612091711020,5
20220612091711040,4
20220612091711060,3
20220612091711080,5
20220612091712000,7
20220612091712020,1
20220612091712040,0
20220612091712060,5
20220612091712080,4
20220612091713000,3
20220612091713020,1
20220612091713040,9
20220612091713060,1
20220612091713080,1
20220612091714000,8
20220612091714020,7
20220612091714040,2
20220612091714060,1
20220612091714080,1
20220612091715000,3
20220612091715020,5
20220612091715040,0
20220612091715060,6
20220612091715080,5
20220612091716000,3
20220612091716020,9
20220612091716040,0
20220612091716060,20220612091716080,
20220612091717000,
20220612091717020,
20220612091717040,
20220612091717060,
20220612091717080,
20220612091718000,
20220612091718020,
20220612091718040,
20220612091718060,
20220612091718080,
20220612091719000,
20220612091719020,7
20220612091719040,3
20220612091719060,5
20220612091719080,1
20220612091720000,3
20220612091720020,7
20220612091720040,0
20220612091720060,
20220612091720080,
20220612091721000,
20220612091721020,
20220612091721040,
20220612091721060,
20220612091721080,
20220612091722000,
20220612091722020,
20220612091722040,
20220612091722060,
20220612091722080,
20220612091723000,
20220612091723020,
20220612091723040,20220612091723060,2
20220612091723080,9
20220612091724000,1
20220612091724020,6
20220612091724040,3
20220612091724060,5
20220612091724080,6
20220612091725000,1
20220612091725020,6
20220612091725040,6
20220612091725060,20220612091725080,20220612091726000,
20220612091726020,
20220612091726040,
20220612091726060,
20220612091726080,
20220612091727000,
20220612091727020,
20220612091727040,
20220612091727060,
20220612091727080,
20220612091728000,
20220612091728020,
20220612091728040,
20220612091728060,
20220612091728080,
20220612091729000,
20220612091729020,
20220612091729040,
20220612091729060,
20220612091729080,
20220612091730000,
20220612091730020,
20220612091730040,0
20220612091730060,8
20220612091730080,0
20220612091731000,1
20220612091731020,9
20220612091731040,5
20220612091731060,1
20220612091731080,1
20220612091732000,2
20220612091732020,0
20220612091732040,1
20220612091732060,0
20220612091732080,1
20220612091733000,3
20220612091733020,3
20220612091733040,1
20220612091733060,1
20220612091733080,1
20220612091734000,5
20220612091734020,6
20220612091734040,4
20220612091734060,3
20220612091734080,2
20220612091735000,3
20220612091735020,2
20220612091735040,1
20220612091735060,1
20220612091735080,1
20220612091736000,3
20220612091736020,2
20220612091736040,1
20220612091736060,1
20220612091736080,1
20220612091737000,5
20220612091737020,5
20220612091737040,
20220612091737060,
20220612091737080,
20220612091738000,
20220612091738020,
20220612091738040,
20220612091738060,
20220612091738080,
20220612091739000,3
20220612091739020,1
20220612091739040,2
20220612091739060,1
20220612091739080,3
20220612091740000,0
20220612091740020,3
20220612091740040,2
20220612091740060,6
20220612091740080,6
20220612091741000,7
20220612091741020,0
20220612091741040,4
20220612091741060,1
20220612091741080,4
20220612091742000,2
20220612091742020,3
20220612091742040,2
20220612091742060,3
20220612091742080,2
20220612091743000,1
20220612091743020,4
20220612091743040,3
20220612091743060,3
20220612091743080,3
20220612091744000,6
20220612091744020,3
20220612091744040,1
20220612091744060,1
20220612091744080,0
20220612091745000,3
20220612091745020,3
20220612091745040,2
20220612091745060,3
20220612091745080,0
20220612091746000,5
20220612091746020,0
20220612091746040,4
20220612091746060,7
20220612091746080,8
20220612091747000,8
20220612091747020,2
20220612091747040,1
20220612091747060,5
20220612091747080,7
20220612091748000,1
20220612091748020,7
20220612091748040,0
20220612091748060,3
20220612091748080,1
20220612091749000,5
20220612091749020,3
20220612091749040,2
20220612091749060,1
20220612091749080,2
20220612091750000,6
20220612091750020,7
20220612091750040,8
20220612091750060,2
20220612091750080,8
20220612091751000,6
20220612091751020,3
20220612091751040,5
20220612091751060,0
20220612091751080,3
20220612091752000,3
20220612091752020,0
20220612091752040,20220612091752060,20220612091752080,
20220612091753000,
20220612091753020,
20220612091753040,
20220612091753060,
20220612091753080,
20220612091754000,
20220612091754020,
20220612091754040,
20220612091754060,
20220612091754080,
20220612091755000,
20220612091755020,
20220612091755040,
20220612091755060,
20220612091755080,
20220612091756000,
20220612091756020,
20220612091756040,
20220612091756060,
20220612091756080,
20220612091757000,
20220612091757020,
20220612091757040,
20220612091757060,
20220612091757080,
20220612091758000,
20220612091758020,
20220612091758040,
20220612091758060,
20220612091758080,
20220612091759000,
20220612091759020,
20220612091759040,
20220612091759060,
20220612091759080,
20220612091800000,
20220612091800020,
20220612091800040,20220612091800060,20220612091800080,5
20220612091801000,1
20220612091801020,3
20220612091801040,3
20220612091801060,3
20220612091801080,0
20220612091802000,3
20220612091802020,0
20220612091802040,8
20220612091802060,4
20220612091802080,4
20220612091803000,0
20220612091803020,1
20220612091803040,2
20220612091803060,2
20220612091803080,8
20220612091804000,0
20220612091804020,6
20220612091804040,1
20220612091804060,6
20220612091804080,6
20220612091805000,1
20220612091805020,9
20220612091805040,0
20220612091805060,4
20220612091805080,2
20220612091806000,1
20220612091806020,0
20220612091806040,5
20220612091806060,4
20220612091806080,5
20220612091807000,7
20220612091807020,7
20220612091807040,3
20220612091807060,9
20220612091807080,4
20220612091808000,6
20220612091808020,0
20220612091808040,8
20220612091808060,0
20220612091808080,1
20220612091809000,1
20220612091809020,9
20220612091809040,6
20220612091809060,4
20220612091809080,4
20220612091810000,5
20220612091810020,3
20220612091810040,4
20220612091810060,0
20220612091810080,2
20220612091811000,0
20220612091811020,2
20220612091811040,8
20220612091811060,0
20220612091811080,2
20220612091812000,0
20220612091812020,2
20220612091812040,3
20220612091812060,0
20220612091812080,3
20220612091813000,0
20220612091813020,3
20220612091813040,6
20220612091813060,9
20220612091813080,9
20220612091814000,6
20220612091814020,0
20220612091814040,0
20220612091814060,0
20220612091814080,1
20220612091815000,1
20220612091815020,9
20220612091815040,2
20220612091815060,6
20220612091815080,4
20220612091816000,2
20220612091816020,6
20220612091816040,1
20220612091816060,2
20220612091816080,2
20220612091817000,2
20220612091817020,5
20220612091817040,7
20220612091817060,4
20220612091817080,2
20220612091818000,20220612091818020,
20220612091818040,
20220612091818060,
20220612091818080,
20220612091819000,
20220612091819020,
20220612091819040,
20220612091819060,
20220612091819080,
20220612091820000,
20220612091820020,
20220612091820040,
20220612091820060,2
20220612091820080,9
20220612091821000,0
20220612091821020,0
20220612091821040,0
20220612091821060,2
20220612091821080,2
20220612091822000,
20220612091822020,
20220612091822040,
20220612091822060,
20220612091822080,
20220612091823000,
20220612091823020,
20220612091823040,
20220612091823060,
20220612091823080,
20220612091824000,
20220612091824020,
20220612091824040,
20220612091824060,
20220612091824080,20220612091825000,20220612091825020,0
20220612091825040,4
20220612091825060,5
20220612091825080,8
20220612091826000,2
20220612091826020,2
20220612091826040,0
20220612091826060,4
20220612091826080,3
20220612091827000,20220612091827020,20220612091827040,20220612091827060,
20220612091827080,
20220612091828000,
20220612091828020,
20220612091828040,
20220612091828060,
20220612091828080,
20220612091829000,
20220612091829020,
20220612091829040,
20220612091829060,
20220612091829080,
20220612091830000,
20220612091830020,
20220612091830040,
20220612091830060,
20220612091830080,
20220612091831000,
20220612091831020,
20220612091831040,
20220612091831060,
20220612091831080,
20220612091832000,5
20220612091832020,4
20220612091832040,2
20220612091832060,2
20220612091832080,2
20220612091833000,1
20220612091833020,2
20220612091833040,2
20220612091833060,7
20220612091833080,2
20220612091834000,6
20220612091834020,5
20220612091834040,5
20220612091834060,5
20220612091834080,5
20220612091835000,9
20220612091835020,0
20220612091835040,8
20220612091835060,3
20220612091835080,6
20220612091836000,6
20220612091836020,9
20220612091836040,9
20220612091836060,9
20220612091836080,1
20220612091837000,6
20220612091837020,8
20220612091837040,9
20220612091837060,0
20220612091837080,0
20220612091838000,9
20220612091838020,0
20220612091838040,9
20220612091838060,1
20220612091838080,1
20220612091839000,8
20220612091839020,
20220612091839040,
20220612091839060,
20220612091839080,
20220612091840000,
20220612091840020,
20220612091840040,
20220612091840060,
20220612091840080,5
20220612091841000,5
20220612091841020,3
20220612091841040,8
20220612091841060,9
20220612091841080,8
20220612091842000,1
20220612091842020,9
20220612091842040,8
20220612091842060,9
20220612091842080,8
20220612091843000,5
20220612091843020,9
20220612091843040,9
20220612091843060,8
20220612091843080,0
20220612091844000,2
20220612091844020,3
20220612091844040,4
20220612091844060,5
20220612091844080,4
20220612091845000,4
20220612091845020,8
20220612091845040,8
20220612091845060,2
20220612091845080,5
20220612091846000,8
20220612091846020,9
20220612091846040,4
20220612091846060,6
20220612091846080,5
20220612091847000,3
20220612091847020,1
20220612091847040,9
20220612091847060,6
20220612091847080,8
20220612091848000,7
20220612091848020,7
20220612091848040,2
20220612091848060,1
20220612091848080,9
20220612091849000,5
20220612091849020,9
20220612091849040,2
20220612091849060,1
20220612091849080,9
20220612091850000,0
20220612091850020,1
20220612091850040,9
20220612091850060,1
20220612091850080,0
20220612091851000,9
20220612091851020,5
20220612091851040,2
20220612091851060,0
20220612091851080,8
20220612091852000,8
20220612091852020,9
20220612091852040,8
20220612091852060,7
20220612091852080,1
20220612091853000,8
20220612091853020,9
20220612091853040,6
20220612091853060,9
20220612091853080,9
20220612091854000,20220612091854020,20220612091854040,
20220612091854060,
20220612091854080,
20220612091855000,
20220612091855020,
20220612091855040,
20220612091855060,
20220612091855080,
20220612091856000,
20220612091856020,
20220612091856040,
20220612091856060,
20220612091856080,
20220612091857000,
20220612091857020,
20220612091857040,
20220612091857060,
20220612091857080,
20220612091858000,
20220612091858020,
20220612091858040,
20220612091858060,
20220612091858080,
20220612091859000,
20220612091859020,
20220612091859040,
20220612091859060,
20220612091859080,
20220612091900000,
20220612091900020,
20220612091900040,
20220612091900060,
20220612091900080,
20220612091901000,
20220612091901020,
20220612091901040,
20220612091901060,
20220612091901080,
20220612091902000,
20220612091902020,
20220612091902040,
20220612091902060,20220612091902080,9
20220612091903000,6
20220612091903020,8
20220612091903040,5
20220612091903060,8
20220612091903080,8
20220612091904000,1
20220612091904020,1
20220612091904040,9
20220612091904060,8
20220612091904080,1
20220612091905000,1
20220612091905020,3
20220612091905040,2
20220612091905060,9
20220612091905080,9
20220612091906000,0
20220612091906020,8
20220612091906040,8
20220612091906060,8
20220612091906080,9
20220612091907000,8
20220612091907020,3
20220612091907040,8
20220612091907060,9
20220612091907080,0
20220612091908000,8
20220612091908020,8
20220612091908040,9
20220612091908060,5
20220612091908080,8
20220612091909000,1
20220612091909020,6
20220612091909040,8
20220612091909060,8
20220612091909080,8
20220612091910000,8
20220612091910020,0
20220612091910040,5
20220612091910060,2
20220612091910080,8
20220612091911000,9
20220612091911020,1
20220612091911040,3
20220612091911060,2
20220612091911080,0
20220612091912000,9
20220612091912020,3
20220612091912040,8
20220612091912060,4
20220612091912080,5
20220612091913000,2
20220612091913020,3
20220612091913040,2
20220612091913060,5
20220612091913080,6
20220612091914000,8
20220612091914020,8
20220612091914040,8
20220612091914060,4
20220612091914080,4
20220612091915000,0
20220612091915020,3
20220612091915040,8
20220612091915060,0
20220612091915080,8
20220612091916000,4
20220612091916020,6
20220612091916040,8
20220612091916060,8
20220612091916080,0
20220612091917000,2
20220612091917020,3
20220612091917040,3
20220612091917060,3
20220612091917080,8
20220612091918000,3
20220612091918020,9
20220612091918040,8
20220612091918060,1
20220612091918080,8
20220612091919000,4
20220612091919020,8
20220612091919040,8
20220612091919060,8
20220612091919080,9
20220612091920000,8
20220612091920020,0
20220612091920040,20220612091920060,20220612091920080,
20220612091921000,
20220612091921020,
20220612091921040,
20220612091921060,
20220612091921080,
20220612091922000,
20220612091922020,
20220612091922040,
20220612091922060,
20220612091922080,
20220612091923000,5
20220612091923020,8
20220612091923040,8
20220612091923060,8
20220612091923080,6
20220612091924000,7
20220612091924020,8
20220612091924040,2
20220612091924060,
20220612091924080,
20220612091925000,
20220612091925020,
20220612091925040,
20220612091925060,
20220612091925080,
20220612091926000,
20220612091926020,
20220612091926040,
20220612091926060,
20220612091926080,
20220612091927000,
20220612091927020,20220612091927040,20220612091927060,2
20220612091927080,8
20220612091928000,9
20220612091928020,7
20220612091928040,0
20220612091928060,8
20220612091928080,9
20220612091929000,8
20220612091929020,7
20220612091929040,5
20220612091929060,20220612091929080,20220612091930000,
20220612091930020,
20220612091930040,
20220612091930060,
20220612091930080,
20220612091931000,
20220612091931020,
20220612091931040,
20220612091931060,
20220612091931080,
20220612091932000,
20220612091932020,
20220612091932040,
20220612091932060,
20220612091932080,
20220612091933000,
20220612091933020,
20220612091933040,
20220612091933060,
20220612091933080,
20220612091934000,
20220612091934020,0
20220612091934040,2
20220612091934060,9
20220612091934080,3
20220612091935000,7
20220612091935020,8
20220612091935040,7
20220612091935060,2
20220612091935080,9
20220612091936000,8
20220612091936020,7
20220612091936040,7
20220612091936060,3
20220612091936080,7
20220612091937000,8
20220612091937020,0
20220612091937040,8
20220612091937060,7
20220612091937080,1
20220612091938000,2
20220612091938020,3
20220612091938040,8
20220612091938060,8
20220612091938080,8
20220612091939000,9
20220612091939020,7
20220612091939040,8
20220612091939060,3
20220612091939080,8
20220612091940000,3
20220612091940020,2
20220612091940040,7
20220612091940060,0
20220612091940080,0
20220612091941000,3
20220612091941020,2
20220612091941040,3
20220612091941060,8
20220612091941080,
20220612091942000,
20220612091942020,
20220612091942040,
20220612091942060,
20220612091942080,
20220612091943000,
20220612091943020,3
20220612091943040,2
20220612091943060,7
20220612091943080,1
20220612091944000,8
20220612091944020,8
20220612091944040,8
20220612091944060,5
20220612091944080,7
20220612091945000,9
20220612091945020,7
20220612091945040,3
20220612091945060,4
20220612091945080,8
20220612091946000,8
20220612091946020,8
20220612091946040,0
20220612091946060,7
20220612091946080,8
20220612091947000,7
20220612091947020,7
20220612091947040,3
20220612091947060,8
20220612091947080,1
20220612091948000,5
20220612091948020,3
20220612091948040,1
20220612091948060,8
20220612091948080,7
20220612091949000,8
20220612091949020,7
20220612091949040,3
20220612091949060,6
20220612091949080,8
20220612091950000,1
20220612091950020,7
20220612091950040,4
20220612091950060,4
20220612091950080,7
20220612091951000,3
20220612091951020,5
20220612091951040,2
20220612091951060,8
20220612091951080,2
20220612091952000,4
20220612091952020,2
20220612091952040,7
20220612091952060,8
20220612091952080,3
20220612091953000,2
20220612091953020,1
20220612091953040,8
20220612091953060,3
20220612091953080,0
20220612091954000,3
20220612091954020,4
20220612091954040,3
20220612091954060,8
20220612091954080,7
20220612091955000,8
20220612091955020,0
20220612091955040,2
20220612091955060,0
20220612091955080,5
20220612091956000,0
20220612091956020,7
20220612091956040,7
20220612091956060,20220612091956080,
20220612091957000,
20220612091957020,
20220612091957040,
20220612091957060,
20220612091957080,
20220612091958000,
20220612091958020,
20220612091958040,
20220612091958060,
20220612091958080,
20220612091959000,
20220612091959020,
20220612091959040,
20220612091959060,
20220612091959080,
20220612092000000,
20220612092000020,
20220612092000040,
20220612092000060,
20220612092000080,
20220612092001000,
20220612092001020,
20220612092001040,
20220612092001060,
20220612092001080,
20220612092002000,
20220612092002020,
20220612092002040,
20220612092002060,
20220612092002080,
20220612092003000,
20220612092003020,
20220612092003040,
20220612092003060,
20220612092003080,
20220612092004000,
20220612092004020,
20220612092004040,20220612092004060,6
20220612092004080,4
20220612092005000,4
20220612092005020,7
20220612092005040,0
20220612092005060,6
20220612092005080,7
20220612092006000,8
20220612092006020,2
20220612092006040,1
20220612092006060,1
20220612092006080,0
20220612092007000,9
20220612092007020,2
20220612092007040,1
20220612092007060,1
20220612092007080,9
20220612092008000,3
20220612092008020,2
20220612092008040,8
20220612092008060,0
20220612092008080,7
20220612092009000,2
20220612092009020,6
20220612092009040,7
20220612092009060,0
20220612092009080,7
20220612092010000,0
20220612092010020,9
20220612092010040,3
20220612092010060,2
20220612092010080,2
20220612092011000,7
20220612092011020,3
20220612092011040,3
20220612092011060,2
20220612092011080,9
20220612092012000,7
20220612092012020,2
20220612092012040,8
20220612092012060,2
20220612092012080,6
20220612092013000,0
20220612092013020,6
20220612092013040,7
20220612092013060,7
20220612092013080,7
20220612092014000,1
20220612092014020,7
20220612092014040,0
20220612092014060,0
20220612092014080,9
20220612092015000,0
20220612092015020,3
20220612092015040,7
20220612092015060,0
20220612092015080,0
20220612092016000,8
20220612092016020,3
20220612092016040,4
20220612092016060,0
20220612092016080,2
20220612092017000,8
20220612092017020,9
20220612092017040,7
20220612092017060,8
20220612092017080,3
20220612092018000,7
20220612092018020,6
20220612092018040,6
20220612092018060,6
20220612092018080,1
20220612092019000,2
20220612092019020,3
20220612092019040,8
20220612092019060,9
20220612092019080,2
20220612092020000,6
20220612092020020,2
20220612092020040,6
20220612092020060,9
20220612092020080,7
20220612092021000,8
20220612092021020,9
20220612092021040,7
20220612092021060,6
20220612092021080,3
20220612092022000,7
20220612092022020,20220612092022040,
20220612092022060,
20220612092022080,
20220612092023000,
20220612092023020,
20220612092023040,
20220612092023060,
20220612092023080,
20220612092024000,
20220612092024020,
20220612092024040,
20220612092024060,0
20220612092024080,6
20220612092025000,7
20220612092025020,8
20220612092025040,7
20220612092025060,7
20220612092025080,7
20220612092026000,1
20220612092026020,
20220612092026040,
20220612092026060,
20220612092026080,
20220612092027000,
20220612092027020,
20220612092027040,
20220612092027060,
20220612092027080,
20220612092028000,
20220612092028020,
20220612092028040,
20220612092028060,
20220612092028080,
20220612092029000,20220612092029020,4
20220612092029040,4
20220612092029060,1
20220612092029080,4
20220612092030000,7
20220612092030020,7
20220612092030040,7
20220612092030060,9
20220612092030080,2
20220612092031000,9
20220612092031020,20220612092031040,20220612092031060,20220612092031080,
20220612092032000,
20220612092032020,
20220612092032040,
20220612092032060,
20220612092032080,
20220612092033000,
20220612092033020,
20220612092033040,
20220612092033060,
20220612092033080,
20220612092034000,
20220612092034020,
20220612092034040,
20220612092034060,
20220612092034080,
20220612092035000,
20220612092035020,
20220612092035040,
20220612092035060,
20220612092035080,
20220612092036000,8
20220612092036020,9
20220612092036040,9
20220612092036060,9
20220612092036080,2
20220612092037000,6
20220612092037020,3
20220612092037040,1
20220612092037060,7
20220612092037080,7
20220612092038000,6
20220612092038020,7
20220612092038040,4
20220612092038060,2
20220612092038080,2
20220612092039000,6
20220612092039020,6
20220612092039040,4
20220612092039060,6
20220612092039080,7
20220612092040000,9
20220612092040020,7
20220612092040040,6
20220612092040060,5
20220612092040080,4
20220612092041000,5
20220612092041020,3
20220612092041040,6
20220612092041060,6
20220612092041080,6
20220612092042000,6
20220612092042020,9
20220612092042040,6
20220612092042060,3
20220612092042080,1
20220612092043000,3
20220612092043020,
20220612092043040,
20220612092043060,
20220612092043080,
20220612092044000,
20220612092044020,
20220612092044040,
20220612092044060,
20220612092044080,1
20220612092045000,5
20220612092045020,3
20220612092045040,6
20220612092045060,6
20220612092045080,5
20220612092046000,1
20220612092046020,2
20220612092046040,1
20220612092046060,7
20220612092046080,1
20220612092047000,6
20220612092047020,8
20220612092047040,9
20220612092047060,6
20220612092047080,3
20220612092048000,6
20220612092048020,9
20220612092048040,8
20220612092048060,5
20220612092048080,9
20220612092049000,5
20220612092049020,6
20220612092049040,6
20220612092049060,8
20220612092049080,3
20220612092050000,6
20220612092050020,0
20220612092050040,2
20220612092050060,9
20220612092050080,3
20220612092051000,6
20220612092051020,5
20220612092051040,6
20220612092051060,0
20220612092051080,0
20220612092052000,0
20220612092052020,0
20220612092052040,0
20220612092052060,7
20220612092052080,9
20220612092053000,5
20220612092053020,4
20220612092053040,8
20220612092053060,8
20220612092053080,6
20220612092054000,0
20220612092054020,7
20220612092054040,6
20220612092054060,4
20220612092054080,6
20220612092055000,5
20220612092055020,5
20220612092055040,9
20220612092055060,1
20220612092055080,1
20220612092056000,7
20220612092056020,5
20220612092056040,6
20220612092056060,6
20220612092056080,6
20220612092057000,5
20220612092057020,0
20220612092057040,5
20220612092057060,8
20220612092057080,1
20220612092058000,20220612092058020,
20220612092058040,
20220612092058060,
20220612092058080,
20220612092059000,
20220612092059020,
20220612092059040,
20220612092059060,
20220612092059080,
20220612092100000,
20220612092100020,
20220612092100040,
20220612092100060,
20220612092100080,
20220612092101000,
20220612092101020,
20220612092101040,
20220612092101060,
20220612092101080,
20220612092102000,
20220612092102020,
20220612092102040,
20220612092102060,
20220612092102080,
20220612092103000,
20220612092103020,
20220612092103040,
20220612092103060,
20220612092103080,
20220612092104000,
20220612092104020,
20220612092104040,
20220612092104060,
20220612092104080,
20220612092105000,
20220612092105020,
20220612092105040,
20220612092105060,
20220612092105080,20220612092106000,6
20220612092106020,6
20220612092106040,6
20220612092106060,3
20220612092106080,5
20220612092107000,6
20220612092107020,9
20220612092107040,1
20220612092107060,9
20220612092107080,6
20220612092108000,9
20220612092108020,1
20220612092108040,9
20220612092108060,7
20220612092108080,7
20220612092109000,6
20220612092109020,6
20220612092109040,7
20220612092109060,6
20220612092109080,6
20220612092110000,9
20220612092110020,9
20220612092110040,2
20220612092110060,5
20220612092110080,1
20220612092111000,6
20220612092111020,9
20220612092111040,0
20220612092111060,1
20220612092111080,9
20220612092112000,7
20220612092112020,5
20220612092112040,8
20220612092112060,5
20220612092112080,8
20220612092113000,5
20220612092113020,6
20220612092113040,8
20220612092113060,3
20220612092113080,1
20220612092114000,2
20220612092114020,8
20220612092114040,0
20220612092114060,5
20220612092114080,8
20220612092115000,6
20220612092115020,9
20220612092115040,0
20220612092115060,6
20220612092115080,7
20220612092116000,8
20220612092116020,1
20220612092116040,3
20220612092116060,0
20220612092116080,1
20220612092117000,8
20220612092117020,5
20220612092117040,5
20220612092117060,3
20220612092117080,8
20220612092118000,6
20220612092118020,6
20220612092118040,8
20220612092118060,5
20220612092118080,9
20220612092119000,9
20220612092119020,0
20220612092119040,5
20220612092119060,5
20220612092119080,4
20220612092120000,8
20220612092120020,5
20220612092120040,1
20220612092120060,6
20220612092120080,5
20220612092121000,9
20220612092121020,4
20220612092121040,5
20220612092121060,6
20220612092121080,3
20220612092122000,0
20220612092122020,6
20220612092122040,0
20220612092122060,2
20220612092122080,0
20220612092123000,8
20220612092123020,4
20220612092123040,1
20220612092123060,9
20220612092123080,20220612092124000,
20220612092124020,
20220612092124040,
20220612092124060,
20220612092124080,
20220612092125000,
20220612092125020,
20220612092125040,
20220612092125060,
20220612092125080,
20220612092126000,
20220612092126020,
20220612092126040,8
20220612092126060,5
20220612092126080,5
20220612092127000,5
20220612092127020,6
20220612092127040,6
20220612092127060,4
20220612092127080,
20220612092128000,
20220612092128020,
20220612092128040,
20220612092128060,
20220612092128080,
20220612092129000,
20220612092129020,
20220612092129040,
20220612092129060,
20220612092129080,
20220612092130000,
20220612092130020,
20220612092130040,
20220612092130060,20220612092130080,4
20220612092131000,0
20220612092131020,4
20220612092131040,8
20220612092131060,1
20220612092131080,0
20220612092132000,9
20220612092132020,5
20220612092132040,6
20220612092132060,5
20220612092132080,20220612092133000,20220612092133020,20220612092133040,
20220612092133060,
20220612092133080,
20220612092134000,
20220612092134020,
20220612092134040,
20220612092134060,
20220612092134080,
20220612092135000,
20220612092135020,
20220612092135040,
20220612092135060,
20220612092135080,
20220612092136000,
20220612092136020,
20220612092136040,
20220612092136060,
20220612092136080,
20220612092137000,
20220612092137020,
20220612092137040,
20220612092137060,5
20220612092137080,5
20220612092138000,8
20220612092138020,5
20220612092138040,4
20220612092138060,4
20220612092138080,4
20220612092139000,4
20220612092139020,1
20220612092139040,4
20220612092139060,3
20220612092139080,4
20220612092140000,0
20220612092140020,1
20220612092140040,1
20220612092140060,1
20220612092140080,5
20220612092141000,0
20220612092141020,6
20220612092141040,7
20220612092141060,1
20220612092141080,2
20220612092142000,4
20220612092142020,0
20220612092142040,8
20220612092142060,6
20220612092142080,7
20220612092143000,0
20220612092143020,5
20220612092143040,4
20220612092143060,5
20220612092143080,2
20220612092144000,9
20220612092144020,4
20220612092144040,5
20220612092144060,
20220612092144080,
20220612092145000,
20220612092145020,
20220612092145040,
20220612092145060,
20220612092145080,
20220612092146000,
20220612092146020,4
20220612092146040,5
20220612092146060,5
20220612092146080,7
20220612092147000,4
20220612092147020,7
20220612092147040,5
20220612092147060,7
20220612092147080,5
20220612092148000,7
20220612092148020,7
20220612092148040,7
20220612092148060,6
20220612092148080,3
20220612092149000,2
20220612092149020,4
20220612092149040,5
20220612092149060,4
20220612092149080,5
20220612092150000,5
20220612092150020,4
20220612092150040,4
20220612092150060,4
20220612092150080,8
20220612092151000,1
20220612092151020,5
20220612092151040,5
20220612092151060,5
20220612092151080,7
20220612092152000,1
20220612092152020,1
20220612092152040,4
20220612092152060,4
20220612092152080,5
20220612092153000,6
20220612092153020,5
20220612092153040,5
20220612092153060,4
20220612092153080,9
20220612092154000,4
20220612092154020,7
20220612092154040,1
20220612092154060,1
20220612092154080,1
20220612092155000,0
20220612092155020,4
20220612092155040,2
20220612092155060,4
20220612092155080,5
20220612092156000,9
20220612092156020,4
20220612092156040,1
20220612092156060,7
20220612092156080,9
20220612092157000,7
20220612092157020,0
20220612092157040,4
20220612092157060,3
20220612092157080,4
20220612092158000,7
20220612092158020,4
20220612092158040,4
20220612092158060,3
20220612092158080,4
20220612092159000,4
20220612092159020,5
20220612092159040,4
20220612092159060,4
20220612092159080,1
20220612092200000,4
20220612092200020,3
20220612092200040,7
20220612092200060,2
20220612092200080,0
20220612092201000,4
20220612092201020,8
20220612092201040,20220612092201060,20220612092201080,
20220612092202000,
20220612092202020,
20220612092202040,
20220612092202060,
20220612092202080,
20220612092203000,
20220612092203020,
20220612092203040,
20220612092203060,
20220612092203080,
20220612092204000,
20220612092204020,
20220612092204040,
20220612092204060,
20220612092204080,
20220612092205000,
20220612092205020,
20220612092205040,
20220612092205060,
20220612092205080,
20220612092206000,
20220612092206020,
20220612092206040,
20220612092206060,
20220612092206080,
20220612092207000,
20220612092207020,
20220612092207040,
20220612092207060,
20220612092207080,
20220612092208000,
20220612092208020,
20220612092208040,
20220612092208060,
20220612092208080,
20220612092209000,
20220612092209020,
20220612092209040,
20220612092209060,
20220612092209080,
20220612092210000,
20220612092210020,
20220612092210040,
20220612092210060,
20220612092210080,
20220612092211000,
20220612092211020,
20220612092211040,
20220612092211060,
20220612092211080,
20220612092212000,
20220612092212020,
20220612092212040,
20220612092212060,
20220612092212080,
20220612092213000,20220612092213020,20220612092213040,20220612092213060,20220612092213080,
20220612092214000,
20220612092214020,
20220612092214040,
20220612092214060,
20220612092214080,
20220612092215000,
20220612092215020,
20220612092215040,
20220612092215060,
20220612092215080,
20220612092216000,
20220612092216020,
20220612092216040,
20220612092216060,
20220612092216080,
20220612092217000,
20220612092217020,
20220612092217040,
20220612092217060,
20220612092217080,
20220612092218000,
20220612092218020,
20220612092218040,
20220612092218060,8
20220612092218080,6
20220612092219000,6
20220612092219020,0
20220612092219040,0
20220612092219060,6
20220612092219080,2
20220612092220000,4
20220612092220020,4
20220612092220040,1
20220612092220060,0
20220612092220080,4
20220612092221000,4
20220612092221020,7
20220612092221040,6
20220612092221060,9
20220612092221080,0
20220612092222000,6
20220612092222020,5
20220612092222040,
20220612092222060,
20220612092222080,
20220612092223000,
20220612092223020,
20220612092223040,
20220612092223060,
20220612092223080,
20220612092224000,
20220612092224020,6
20220612092224040,8
20220612092224060,5
20220612092224080,8
20220612092225000,4
20220612092225020,7
20220612092225040,5
20220612092225060,4
20220612092225080,8
20220612092226000,4
20220612092226020,4
20220612092226040,1
20220612092226060,3
20220612092226080,3
20220612092227000,3
20220612092227020,3
20220612092227040,4
20220612092227060,9
20220612092227080,3
20220612092228000,4
20220612092228020,3
20220612092228040,3
20220612092228060,3
20220612092228080,3
20220612092229000,9
20220612092229020,3
20220612092229040,4
20220612092229060,0
20220612092229080,8
20220612092230000,4
20220612092230020,9
20220612092230040,2
20220612092230060,9
20220612092230080,9
20220612092231000,1
20220612092231020,0
20220612092231040,8
20220612092231060,4
20220612092231080,4
20220612092232000,
20220612092232020,
20220612092232040,
20220612092232060,
20220612092232080,
20220612092233000,
20220612092233020,
20220612092233040,
20220612092233060,
20220612092233080,
20220612092234000,
20220612092234020,
20220612092234040,
20220612092234060,
20220612092234080,
20220612092235000,
20220612092235020,8
20220612092235040,3
20220612092235060,5
20220612092235080,3
20220612092236000,7
20220612092236020,9
20220612092236040,4
20220612092236060,5
20220612092236080,7
20220612092237000,6
20220612092237020,4
20220612092237040,4
20220612092237060,2
20220612092237080,
20220612092238000,
20220612092238020,
20220612092238040,
20220612092238060,
20220612092238080,
20220612092239000,
20220612092239020,
20220612092239040,
20220612092239060,
20220612092239080,
20220612092240000,
20220612092240020,
20220612092240040,
20220612092240060,
20220612092240080,
20220612092241000,
20220612092241020,
20220612092241040,
20220612092241060,
20220612092241080,
20220612092242000,
20220612092242020,
20220612092242040,
20220612092242060,
20220612092242080,
20220612092243000,
20220612092243020,
20220612092243040,
20220612092243060,
20220612092243080,
20220612092244000,
20220612092244020,
20220612092244040,
20220612092244060,
20220612092244080,
20220612092245000,
20220612092245020,
20220612092245040,
20220612092245060,
20220612092245080,
20220612092246000,
20220612092246020,
20220612092246040,
20220612092246060,
20220612092246080,
20220612092247000,
20220612092247020,
20220612092247040,
20220612092247060,
20220612092247080,
20220612092248000,
20220612092248020,
20220612092248040,
20220612092248060,
20220612092248080,
20220612092249000,
20220612092249020,
20220612092249040,
20220612092249060,
20220612092249080,
20220612092250000,
20220612092250020,
20220612092250040,
20220612092250060,
20220612092250080,
20220612092251000,
20220612092251020,
20220612092251040,
20220612092251060,
20220612092251080,
20220612092252000,
20220612092252020,
20220612092252040,
20220612092252060,
20220612092252080,
20220612092253000,
20220612092253020,
20220612092253040,
20220612092253060,
20220612092253080,
20220612092254000,
20220612092254020,
20220612092254040,
20220612092254060,
20220612092254080,
20220612092255000,
20220612092255020,
20220612092255040,
20220612092255060,
20220612092255080,
20220612092256000,
20220612092256020,
20220612092256040,
20220612092256060,
20220612092256080,
20220612092257000,
20220612092257020,
20220612092257040,
20220612092257060,
20220612092257080,
20220612092258000,
20220612092258020,
20220612092258040,
</point>